0.770694
0.662839
0.762560
0.771137
0.666085
0.590957
0.815496
0.714800
0.736988
0.622136
0.650438
0.707793
0.719651
0.732359
0.700117
0.714183
0.660948
0.745523
0.895914
0.632757
0.818472
0.788091
0.859003
0.596039
0.646481
0.705880
0.633750
0.792241
0.736777
0.597559
0.564500
0.654841
0.746899
0.796798
0.854413
0.807406
0.709590
0.704454
0.885028
0.319926
0.598187
0.599987
0.904867
0.765171
0.525128
0.000000
0.444433
0.736822
0.888103
0.468001
0.878646
0.626921
0.464435
0.798997
0.748594
0.652381
0.191946
0.780032
0.703664
0.000000
0.357977
0.615281
0.796186
0.810840
0.000000
0.610405
0.658835
0.690907
0.767192
0.650827
0.807275
0.810706
0.782685
0.706486
0.756934
0.740384
0.766955
0.805852
0.769924
0.346707
0.730328
0.709466
0.743172
0.675026
0.878059
0.927607
0.560484
0.761305
0.771024 

